[  64  212 1408   67  391  208   57  296   78  260]
[-0.18486236 -0.68092954  1.22254134 -0.15452948 -0.42832782 -0.35213355
  0.53230919  0.36544406  0.41273261  0.430821    2.1416476  -0.40641502
 -0.51224273 -0.81377273  0.61597942  1.12897229 -0.11394746 -0.84015648
 -0.82448122  0.65059279  0.74325417  0.54315427 -0.66550971  0.23216132
  0.11668581  0.2186886   0.87142878  0.22359555  0.67891356  0.06757907
  0.2891194   0.63128823 -1.45715582 -0.31967122 -0.47037265 -0.63887785
 -0.27514225  1.49494131 -0.86583112  0.96827835 -1.68286977 -0.33488503
  0.16275307  0.58622233  0.71122658  0.79334724 -0.34872507 -0.46235179
  0.85797588 -0.19130432 -1.27568632 -1.13328721 -0.91945229  0.49716074
  0.14242574  0.69048535 -0.42725265  0.15853969  0.62559039 -0.30934654]
[ 0.45677524 -0.66192594 -0.36305385 -0.38173789 -1.19583965  0.48697248
 -0.46940234  0.01249412  0.48074666  0.44653118  0.66538511 -0.09848548
 -0.42329831 -0.07971821 -1.68733443 -1.44711247 -1.32269961 -0.99724683
  0.39977423 -0.90547906 -0.37816255  1.2992283  -0.35626397  0.73751557
 -0.93361768 -0.20543756 -0.95002205 -0.33903308  0.84030814 -1.72732042
  0.43442364  0.2377356  -0.59414996 -1.44605785  0.07212951 -0.52949271
  0.23267621  0.02185215  1.60177889 -0.23935563 -1.02349749  0.17927563
  0.21999668  1.35918758  0.83511125  0.35687106  1.46330289 -1.18876305
 -0.63975153 -0.92657594 -0.3898098  -1.37668615  0.63515095 -0.2222227
 -1.47080629 -1.01557908  0.31351385  0.83812657  1.99673089  2.91386247]
[ 0.41440943 -0.98953812 -2.13204628  0.26771146 -0.8129411  -0.41535726
 -0.6120968  -0.14079089  1.06598023  0.15704857 -0.15863484 -1.03565375
 -1.67468294 -0.48630791 -0.05378255  1.76792991  0.13027452  0.98273951
 -0.4992956  -1.18494377 -0.96511676 -0.72522606  2.12846973 -0.82138668
  0.8384892  -0.90292718  0.93157301  0.38495097 -0.1566379  -0.04076253
 -0.6547877   0.4460722  -0.45498348 -1.22560576 -1.27793757  0.17258792
  1.57909126  0.15999161 -0.11863833  0.28582614  1.30600174  0.2193825
 -0.41092723  1.10628871  0.42875644  1.53575599  0.18323444 -1.22446903
 -1.3681592   1.65092793  1.72366572 -0.17951921 -0.38318732  1.46144429
 -1.10704568 -0.89472702  0.64332679 -0.39460512 -0.00512187 -0.1634429 ]
[ 0.33757455  1.40748186  0.09058491  0.64393879 -2.0501721  -0.0487184
 -0.84323027 -1.21881306 -0.87815237 -0.33412344  0.91590254 -1.32639272
  0.03063149 -0.48416943 -0.32767309  1.00275783  0.53811544  1.33739811
 -0.15450568 -0.69594261 -0.22385882  0.24249679  0.17657336 -1.08438807
  0.09048978  0.22822833  2.51747404  1.87684461 -0.85324335 -0.28738336
 -1.463442   -0.59070701  0.315605    1.20585362 -0.72908384 -0.65414644
 -2.14728903 -0.16266592 -1.06241441 -0.52943943 -0.87686078 -0.09426255
 -1.75772839 -1.46704525  2.12924711 -1.28742258 -1.09678558  1.83691353
  2.90506717 -1.17156663 -0.36824896  0.34155555  1.72869764 -0.98685708
 -0.24527785  0.77733758  0.43476607 -0.37615607 -0.13382296 -1.37489581]
[-2.38173744e-01 -2.66387490e-01  2.32169890e-01 -5.55327219e-01
  4.71538523e-01  1.01271582e+00  1.55429328e-01  3.51756408e-01
  5.31553476e-02  8.43930914e-05 -7.21558034e-01  3.16494262e-01
 -9.72865984e-02  2.09316831e+00  1.57335490e+00  3.85846553e-01
 -7.63057210e-01 -1.11241147e+00  1.19114295e+00  2.62749225e-01
  4.80143403e-01 -1.74458599e+00  9.27438482e-01  4.54420338e-01
 -1.11043068e+00 -4.71524807e-01  2.63717204e-01  5.24667984e-02
 -2.92171186e-01 -1.03488268e-01 -2.51977378e-01  1.52562512e-01
  1.47149197e+00 -2.56665844e+00 -2.36850265e-01  1.76512421e-01
  2.95993990e-01 -3.71914581e-01 -1.75672178e+00  3.27995484e-01
  1.72735021e+00 -1.53386140e+00  8.63828014e-01 -3.28525223e-01
 -6.13243458e-02 -1.05289851e+00 -3.34456172e-01  1.30004459e+00
  5.82655242e-01  1.73231161e+00  1.17741189e+00  4.39086679e-01
  1.74393453e+00  4.38993159e-01  8.27988177e-01 -2.96570954e-01
  6.65458159e-02 -6.97423823e-01  9.89583935e-01 -1.17830362e+00]
[ 0.78235034 -0.19065106  1.17124709  0.75086899  1.82064616  0.73077469
 -1.57204026 -0.06695317 -1.17200719 -0.51827984  1.51122843  0.63753381
 -0.69893043 -1.01371737  0.03278209 -1.21656015 -0.67114028  0.31200947
  1.15531204  0.60876147 -2.29128951  0.30436673  0.07203357  0.41389029
  1.61620968 -2.06323828 -0.59110343  0.59090632 -1.5815944   1.47594905
  0.36835661  0.84658399 -0.57094366  0.81376369  1.06847156  0.23287802
  0.23440089  0.27034324 -0.86334526 -0.14752868 -0.15252253  0.38339386
  0.99982425 -1.05853608 -0.12500903  1.48145555 -0.74358823 -0.82225002
  0.20230619  0.84438519  0.01142606  1.32896059  0.85679398  0.84182007
  0.5541165   2.3276531  -0.20516169 -2.00352229  1.60425436 -0.45769943]
[ 0.10788044  1.30955068 -1.60225954 -1.25164721 -1.60127794 -0.79413629
  0.43963661  0.52418784  0.27627418 -1.41276588 -2.31010344  0.05435359
 -0.47177603  0.45938577  0.70195363  0.13824143  0.76013309  0.22921137
  0.53006471 -0.70467326 -0.17961141  0.1967761   0.82052848 -0.39374117
  0.52116726 -0.26583879 -0.11754217  0.82951904 -1.99306037 -1.29647233
 -1.4821854  -2.33361612 -0.67826444  0.7494339  -0.28488407  0.19779008
  1.0892175   1.32768613 -0.06913793  1.35358589  0.09212666 -0.83739822
 -0.59440035 -1.48053651 -0.88813385 -0.35801669  0.80358502  1.72076983
 -1.38218152  0.39282747 -1.04054394  0.47469709 -0.13108665 -1.83090583
  0.92829699 -0.60500071 -0.53390024 -1.06975241 -0.65428328  0.42789044]
[-0.18924434  0.328662    0.36192185  1.32066166 -0.34278615 -1.47685782
  1.06722242 -0.33148817  1.11459244  0.38337711 -0.13113753  0.34877589
  1.95101256  2.07698053  0.06938114  0.16019059  1.07624016 -0.84566103
  0.33307037 -0.02586285  0.31390821 -0.83336881 -1.58956749 -2.07298344
 -1.11738411 -0.45867528 -0.29319159  1.93723116  1.10599337 -0.96209112
  0.34770845 -0.40707824 -0.28436384  0.18532565  0.61917112 -0.33925848
  1.06385153 -1.14193823  0.00633906  2.59767373  0.22307974  1.43321451
  0.09152018  0.5807771  -0.05678319 -0.17040758 -0.7794824   0.43030136
 -0.85153719  0.66558524  1.085287    0.36653141 -0.28624873  0.45396558
 -0.30867306  0.93554713 -1.83140608 -0.33560737 -1.990812   -1.49506083]
[ 1.36386223  0.89518498 -0.71948023 -1.50250346 -2.96452884 -0.54349551
  2.42041501  0.43488427 -0.55957229  0.46508021 -1.56095835 -0.29732336
  0.09947747 -0.08610065  0.79080612  0.34464523  0.66832602 -0.68837228
  0.89781541  1.62893695 -0.97014952 -0.88769566  1.33578434 -0.19134399
  1.40382139 -0.44253571  1.45504558  0.13148582  0.25822882  1.56471802
 -0.36177048 -0.9411221  -0.44856421  0.45233395 -1.56575907  0.6374709
 -0.53877132  1.14781266 -2.3942603  -0.78656578 -1.68646815 -0.82622947
  0.2476659  -0.17922663 -0.25337757 -0.15918487  0.20338824 -1.00853604
  0.70684964  0.66266597  0.38503794  0.55653344  0.296418    2.0350733
 -0.08709417 -0.30708322 -0.75352758 -1.03226267 -1.24447179 -0.88879731]
[-0.07068038  0.33429513  0.05114206 -0.76553528  0.90018456  0.73941267
 -0.15964831 -0.65291614  0.54842792  0.18797359 -1.44812726 -0.06798026
  0.26203581 -0.89969479  0.18984339 -1.45482249  1.3361861   1.24794999
 -0.25251733  0.36345434 -2.40992197 -1.15634766 -0.29377892 -1.07213302
  0.71439648  1.99729653 -1.17661472 -0.8374634   0.23544837  1.61111615
 -1.22237431  0.24903612  1.82129885 -1.65175915 -1.28106921 -0.42360661
 -0.52058841  0.81260129  0.24165972 -1.77496206  0.5154104  -0.57753889
  1.27444722 -0.62758754 -0.63661528  0.54113161  0.76292648  0.44809936
 -1.68559732  0.53803444 -1.03430805  0.23527611 -1.42373444  0.44632215
 -0.8065989  -1.28263465  0.71382014  0.24164452 -0.6139768   1.45117885]
0-th users has 64 samples
1-th users has 212 samples
2-th users has 1408 samples
3-th users has 67 samples
4-th users has 391 samples
5-th users has 208 samples
6-th users has 57 samples
7-th users has 296 samples
8-th users has 78 samples
9-th users has 260 samples
